 diagnosis_code | claim_appearances | unique_claims | appearances_in_fraud_flagged_claims | fraud_concentration_pct 
----------------+-------------------+---------------+-------------------------------------+-------------------------
 4019           |             77056 |         77041 |                               31029 |                   40.27
 25000          |             37356 |         37353 |                               15087 |                   40.39
 2724           |             35763 |         35740 |                               14690 |                   41.08
 V5869          |             24904 |         24849 |                                9116 |                   36.60
 4011           |             23773 |         23747 |                                8652 |                   36.39
 42731          |             20138 |         20122 |                                8698 |                   43.19
 V5861          |             20001 |         19903 |                                7629 |                   38.14
 2720           |             18268 |         18252 |                                7121 |                   38.98
 2449           |             17600 |         17600 |                                7276 |                   41.34
 4280           |             15507 |         15504 |                                7115 |                   45.88
 53081          |             14891 |         14879 |                                6424 |                   43.14
 41401          |             14126 |         14123 |                                6625 |                   46.90
 496            |             13659 |         13653 |                                5844 |                   42.78
 2859           |             13060 |         13060 |                                5555 |                   42.53
 41400          |             11767 |         11760 |                                4900 |                   41.64
 78079          |             10962 |         10962 |                                4130 |                   37.68
 5990           |             10560 |         10560 |                                5079 |                   48.10
 28521          |              9791 |          9784 |                                3732 |                   38.12
 3051           |              9081 |          9081 |                                3838 |                   42.26
 2809           |              8012 |          8008 |                                3073 |                   38.35
(20 rows)

