 state_code | patient_count | claim_count | total_billed | fraud_billed | fraud_pct_of_billing 
------------+---------------+-------------+--------------+--------------+----------------------
          5 |         12052 |       51350 |  47970340.00 |  28566250.00 |                59.55
         10 |          9771 |       39073 |  41501470.00 |  23748760.00 |                57.22
         45 |          8780 |       34022 |  36160270.00 |  17293320.00 |                47.82
         33 |          8443 |       35024 |  35750410.00 |  22196410.00 |                62.09
         39 |          6055 |       24251 |  25248940.00 |  11893420.00 |                47.10
         36 |          5366 |       21291 |  23109750.00 |  14560600.00 |                63.01
         14 |          5923 |       24417 |  22633020.00 |  11751270.00 |                51.92
         34 |          4629 |       18905 |  19661030.00 |  10685580.00 |                54.35
         11 |          3892 |       17003 |  17130740.00 |   7035260.00 |                41.07
         23 |          5293 |       21343 |  16507200.00 |   8070210.00 |                48.89
         31 |          4124 |       15940 |  15954790.00 |  10463320.00 |                65.58
         15 |          3272 |       14213 |  14521080.00 |   7569400.00 |                52.13
         49 |          3623 |       14997 |  14304620.00 |   9694530.00 |                67.77
         26 |          3108 |       12911 |  12939560.00 |   6596740.00 |                50.98
         22 |          3306 |       13624 |  12640760.00 |   8572280.00 |                67.81
(15 rows)

