 is_potentially_fraudulent | diagnosis_count | claim_count | pct_of_fraud_status 
---------------------------+-----------------+-------------+---------------------
 t                         |               1 |       67632 |               32.37
 t                         |               2 |       44119 |               21.11
 t                         |               3 |       28890 |               13.83
 t                         |               4 |       19480 |                9.32
 t                         |               5 |       10490 |                5.02
 t                         |               6 |        7080 |                3.39
 t                         |               7 |        5162 |                2.47
 t                         |               8 |        4991 |                2.39
 t                         |               9 |       18424 |                8.82
 t                         |              10 |        2693 |                1.29
 f                         |               1 |      117521 |               34.69
 f                         |               2 |       75431 |               22.26
 f                         |               3 |       49629 |               14.65
 f                         |               4 |       33132 |                9.78
 f                         |               5 |       17042 |                5.03
 f                         |               6 |       11135 |                3.29
 f                         |               7 |        7571 |                2.23
 f                         |               8 |        6638 |                1.96
 f                         |               9 |       18381 |                5.43
 f                         |              10 |        2317 |                0.68
(20 rows)

